0,112045;9;[-0,044448 -0,798167 0,600795 -0,198209 -0,956936 -0,138680 -0,255034 0,417639 0,286877 -0,586258 -0,757630 1,919473 0,000000 0,000000 0,000000 1,000000];[1,000000 0,000000 0,000000 0,000000 0,000000 -0,000000 -1,000000 0,000000 0,000000 1,000000 -0,000000 1000,000000 0,000000 0,000000 0,000000 1,000000];
0.127435;8;[-0.041289 -0.806275 0.590098 -0.198080 -0.960175 -0.131323 -0.246616 0.417033 0.276333 -0.576779 -0.768743 1.916458 0.000000 0.000000 0.000000 1.000000];[0.002966 -0.809173 0.587562 -191.394455 -0.940296 -0.202232 -0.273762 409.697235 0.340345 -0.551671 -0.761462 1874.768311 0.000000 0.000000 0.000000 1.000000];
0.127558;8;[-0.036546 -0.806685 0.589850 -0.201859 -0.959321 -0.137026 -0.246835 0.419319 0.279943 -0.574876 -0.768862 1.924621 0.000000 0.000000 0.000000 1.000000];[-0.010341 -0.801057 0.598499 -193.562012 -0.941804 -0.193316 -0.275016 412.035126 0.336003 -0.566513 -0.752439 1885.117310 0.000000 0.000000 0.000000 1.000000];
0.128797;8;[-0.038180 -0.808215 0.587649 -0.200133 -0.957809 -0.138043 -0.252085 0.418704 0.284860 -0.572480 -0.768844 1.922278 0.000000 0.000000 0.000000 1.000000];[-0.009138 -0.796990 0.603923 -194.398605 -0.942249 -0.195341 -0.272046 410.822723 0.334789 -0.571532 -0.749178 1880.737549 0.000000 0.000000 0.000000 1.000000];
0.126024;8;[-0.025883 -0.804662 0.593169 -0.201941 -0.961994 -0.141306 -0.233666 0.416601 0.271840 -0.576673 -0.770423 1.920022 0.000000 0.000000 0.000000 1.000000];[-0.001722 -0.793727 0.608271 -195.687378 -0.946421 -0.195137 -0.257312 409.462402 0.322931 -0.576124 -0.750863 1885.812622 0.000000 0.000000 0.000000 1.000000];
0.125765;8;[-0.027210 -0.810831 0.584647 -0.204904 -0.959831 -0.142194 -0.241878 0.417708 0.279255 -0.567744 -0.774392 1.925789 0.000000 0.000000 0.000000 1.000000];[-0.000797 -0.793025 0.609188 -196.219070 -0.948474 -0.192426 -0.251735 408.259888 0.316856 -0.578000 -0.752010 1883.052979 0.000000 0.000000 0.000000 1.000000];
0.126801;8;[-0.022414 -0.807517 0.589419 -0.204727 -0.961060 -0.145021 -0.235229 0.416597 0.275429 -0.571739 -0.772822 1.923006 0.000000 0.000000 0.000000 1.000000];[0.010128 -0.793627 0.608319 -197.553589 -0.946468 -0.203897 -0.250251 408.530396 0.322640 -0.573220 -0.753208 1886.120117 0.000000 0.000000 0.000000 1.000000];
0.122700;8;[-0.017373 -0.804301 0.593968 -0.204664 -0.962279 -0.147867 -0.228373 0.413798 0.271509 -0.575531 -0.771393 1.916226 0.000000 0.000000 0.000000 1.000000];[0.002937 -0.794339 0.607467 -197.749420 -0.947309 -0.196789 -0.252745 409.533295 0.320308 -0.574717 -0.753063 1890.979980 0.000000 0.000000 0.000000 1.000000];
0.125130;8;[-0.013143 -0.800754 0.598849 -0.204292 -0.961950 -0.153334 -0.226144 0.411952 0.272909 -0.579036 -0.768270 1.911020 0.000000 0.000000 0.000000 1.000000];[0.007216 -0.790952 0.611835 -199.581177 -0.950121 -0.196202 -0.242435 408.640198 0.311797 -0.579568 -0.752916 1895.152710 0.000000 0.000000 0.000000 1.000000];
0.126989;8;[-0.013473 -0.802522 0.596470 -0.208279 -0.961376 -0.153608 -0.228389 0.414836 0.274909 -0.576509 -0.769456 1.924329 0.000000 0.000000 0.000000 1.000000];[0.002891 -0.788212 0.615396 -200.013947 -0.949417 -0.195402 -0.245816 407.489990 0.314005 -0.583558 -0.748906 1887.834351 0.000000 0.000000 0.000000 1.000000];
0.122270;9;[-0.014008 -0.800596 0.599041 -0.207282 -0.959857 -0.157081 -0.232378 0.412248 0.280139 -0.578249 -0.766257 1.917274 0.000000 0.000000 0.000000 1.000000];[-0.000156 -0.795496 0.605958 -198.816345 -0.949438 -0.190127 -0.249842 406.464600 0.313957 -0.575358 -0.755244 1883.024780 0.000000 0.000000 0.000000 1.000000];
0.121174;9;[-0.012868 -0.799541 0.600474 -0.208826 -0.959069 -0.160020 -0.233622 0.412151 0.282878 -0.578903 -0.764756 1.917997 0.000000 0.000000 0.000000 1.000000];[-0.006889 -0.790395 0.612558 -199.672226 -0.948970 -0.187978 -0.253223 407.168579 0.315294 -0.583044 -0.748765 1883.907471 0.000000 0.000000 0.000000 1.000000];
0.121262;9;[-0.007348 -0.802911 0.596054 -0.207249 -0.958474 -0.164279 -0.233107 0.410974 0.285084 -0.573016 -0.768362 1.917646 0.000000 0.000000 0.000000 1.000000];[0.021809 -0.788992 0.614015 -200.979248 -0.946845 -0.213462 -0.240662 404.396271 0.320950 -0.576129 -0.751709 1883.652344 0.000000 0.000000 0.000000 1.000000];
0.121611;9;[-0.008745 -0.802033 0.597216 -0.209930 -0.957131 -0.166208 -0.237224 0.412144 0.289524 -0.573688 -0.766197 1.923616 0.000000 0.000000 0.000000 1.000000];[0.009134 -0.786959 0.616936 -201.827011 -0.950646 -0.198190 -0.238735 404.677612 0.310145 -0.584307 -0.749930 1889.071899 0.000000 0.000000 0.000000 1.000000];
0.120292;9;[-0.005498 -0.801846 0.597506 -0.210343 -0.959802 -0.163448 -0.228177 0.411780 0.280624 -0.574742 -0.768714 1.922484 0.000000 0.000000 0.000000 1.000000];[-0.015307 -0.778972 0.626870 -203.812668 -0.953645 -0.177074 -0.243325 408.415100 0.300546 -0.601536 -0.740152 1905.406982 0.000000 0.000000 0.000000 1.000000];
0.121283;9;[0.000198 -0.802134 0.597144 -0.209866 -0.960863 -0.165576 -0.222096 0.409916 0.277024 -0.573729 -0.770774 1.921893 0.000000 0.000000 0.000000 1.000000];[0.002842 -0.785146 0.619302 -201.890060 -0.952983 -0.189783 -0.236232 404.534698 0.303010 -0.589514 -0.748771 1892.843628 0.000000 0.000000 0.000000 1.000000];
0.122984;9;[0.002559 -0.802689 0.596393 -0.207479 -0.959839 -0.169285 -0.223723 0.408870 0.280540 -0.571869 -0.770885 1.919522 0.000000 0.000000 0.000000 1.000000];[0.005711 -0.786726 0.617274 -201.395187 -0.954499 -0.188342 -0.231214 402.941895 0.298160 -0.587868 -0.752005 1890.784668 0.000000 0.000000 0.000000 1.000000];
0.121978;9;[-0.000229 -0.801679 0.597754 -0.209598 -0.961120 -0.164882 -0.221500 0.409732 0.276130 -0.574565 -0.770472 1.922243 0.000000 0.000000 0.000000 1.000000];[-0.001602 -0.783937 0.620837 -201.582932 -0.955953 -0.181026 -0.231050 402.029083 0.293516 -0.593861 -0.749117 1888.426392 0.000000 0.000000 0.000000 1.000000];
0.122924;9;[0.001098 -0.801912 0.597442 -0.209794 -0.962323 -0.163297 -0.217415 0.410901 0.271907 -0.574693 -0.771877 1.925784 0.000000 0.000000 0.000000 1.000000];[0.009863 -0.778191 0.627949 -202.566696 -0.953989 -0.195526 -0.227323 402.096985 0.299681 -0.596814 -0.744314 1891.650757 0.000000 0.000000 0.000000 1.000000];
0.121690;9;[0.001404 -0.800497 0.599335 -0.208536 -0.961023 -0.166776 -0.220501 0.408712 0.276465 -0.575665 -0.769530 1.921873 0.000000 0.000000 0.000000 1.000000];[-0.001510 -0.779623 0.626245 -201.240875 -0.955277 -0.184062 -0.231445 402.260498 0.295708 -0.598587 -0.744479 1889.639771 0.000000 0.000000 0.000000 1.000000];
0.120706;9;[0.000113 -0.806352 0.591436 -0.207632 -0.961479 -0.162661 -0.221585 0.408446 0.274879 -0.568628 -0.775308 1.922361 0.000000 0.000000 0.000000 1.000000];[0.005223 -0.781330 0.624094 -200.987457 -0.954293 -0.190396 -0.230378 401.129333 0.298827 -0.594365 -0.746613 1888.293213 0.000000 0.000000 0.000000 1.000000];
0.135080;9;[-0.001514 -0.800412 0.599448 -0.207266 -0.960495 -0.165660 -0.223622 0.406736 0.278294 -0.576105 -0.768541 1.920412 0.000000 0.000000 0.000000 1.000000];[0.001844 -0.781145 0.624345 -200.758835 -0.950507 -0.195354 -0.241608 404.049469 0.310699 -0.592999 -0.742844 1894.038940 0.000000 0.000000 0.000000 1.000000];
0.130836;9;[-0.004877 -0.804328 0.594166 -0.208627 -0.961590 -0.159299 -0.223537 0.410315 0.274447 -0.572434 -0.772657 1.927612 0.000000 0.000000 0.000000 1.000000];[0.002335 -0.782465 0.622688 -199.338562 -0.951355 -0.193584 -0.239688 402.092316 0.308090 -0.591838 -0.744854 1886.401489 0.000000 0.000000 0.000000 1.000000];
0.121984;9;[-0.000626 -0.804953 0.593339 -0.205769 -0.962066 -0.161389 -0.219963 0.407452 0.272817 -0.570968 -0.774316 1.919801 0.000000 0.000000 0.000000 1.000000];[-0.008021 -0.784253 0.620387 -198.726013 -0.952316 -0.183245 -0.243959 403.963867 0.305008 -0.592762 -0.745388 1892.863037 0.000000 0.000000 0.000000 1.000000];
0.124622;9;[-0.005257 -0.804905 0.593380 -0.204603 -0.961677 -0.158601 -0.223659 0.407710 0.274135 -0.571815 -0.773225 1.920153 0.000000 0.000000 0.000000 1.000000];[-0.017097 -0.784429 0.619981 -197.236053 -0.953740 -0.173344 -0.245624 402.330872 0.300145 -0.595501 -0.745178 1884.210205 0.000000 0.000000 0.000000 1.000000];
0.122706;9;[-0.010932 -0.805486 0.592515 -0.203930 -0.959756 -0.157841 -0.232281 0.407493 0.280622 -0.571209 -0.771344 1.918247 0.000000 0.000000 0.000000 1.000000];[-0.014767 -0.782031 0.623062 -197.276108 -0.952356 -0.178846 -0.247048 403.946228 0.304631 -0.597026 -0.742132 1891.421265 0.000000 0.000000 0.000000 1.000000];
0.132039;9;[-0.007014 -0.802833 0.596163 -0.202000 -0.963474 -0.154181 -0.218965 0.407033 0.267709 -0.575924 -0.772427 1.915105 0.000000 0.000000 0.000000 1.000000];[-0.014199 -0.784815 0.619566 -195.683182 -0.951578 -0.179689 -0.249423 403.295074 0.307080 -0.593107 -0.744262 1885.449463 0.000000 0.000000 0.000000 1.000000];
0.131836;9;[-0.014521 -0.809903 0.586384 -0.201845 -0.961475 -0.149691 -0.230560 0.409008 0.274508 -0.567142 -0.776528 1.921450 0.000000 0.000000 0.000000 1.000000];[-0.015568 -0.788872 0.614359 -193.314453 -0.954118 -0.172034 -0.245079 400.411713 0.299027 -0.589986 -0.749999 1873.169678 0.000000 0.000000 0.000000 1.000000];
0.127005;9;[-0.012306 -0.807666 0.589512 -0.201040 -0.961934 -0.151402 -0.227509 0.407752 0.273005 -0.569872 -0.775058 1.918464 0.000000 0.000000 0.000000 1.000000];[-0.021459 -0.786781 0.616857 -193.474823 -0.953116 -0.170183 -0.250218 403.809113 0.301845 -0.593306 -0.746242 1886.593628 0.000000 0.000000 0.000000 1.000000];
0.128833;9;[-0.016700 -0.809416 0.586999 -0.199185 -0.961557 -0.147939 -0.231350 0.408087 0.274098 -0.568296 -0.775828 1.915275 0.000000 0.000000 0.000000 1.000000];[-0.022395 -0.790802 0.611660 -191.655060 -0.959154 -0.155578 -0.236262 400.244507 0.281998 -0.591968 -0.755017 1880.809082 0.000000 0.000000 0.000000 1.000000];
0.125687;9;[-0.021717 -0.805650 0.591994 -0.198059 -0.963008 -0.142225 -0.228883 0.408061 0.268596 -0.575066 -0.772758 1.916176 0.000000 0.000000 0.000000 1.000000];[-0.015422 -0.792238 0.610016 -191.028351 -0.953397 -0.172206 -0.247749 403.396484 0.301325 -0.585408 -0.752662 1886.701172 0.000000 0.000000 0.000000 1.000000];
0.125993;9;[-0.022143 -0.808717 0.587781 -0.195871 -0.962641 -0.141457 -0.230894 0.408813 0.269874 -0.570935 -0.775372 1.914895 0.000000 0.000000 0.000000 1.000000];[-0.024235 -0.788795 0.614176 -189.785095 -0.955854 -0.161680 -0.245365 402.605835 0.292843 -0.593009 -0.750055 1883.044922 0.000000 0.000000 0.000000 1.000000];
0.133756;9;[-0.026389 -0.812089 0.582937 -0.197189 -0.962139 -0.137616 -0.235268 0.410709 0.271280 -0.567075 -0.777710 1.923067 0.000000 0.000000 0.000000 1.000000];[-0.021738 -0.789504 0.613358 -188.805252 -0.954050 -0.167014 -0.248790 404.513641 0.298860 -0.590583 -0.749596 1887.310791 0.000000 0.000000 0.000000 1.000000];
0.130883;9;[-0.027295 -0.808216 0.588253 -0.195440 -0.961807 -0.139104 -0.235747 0.410518 0.272363 -0.572221 -0.773551 1.918581 0.000000 0.000000 0.000000 1.000000];[-0.028945 -0.791261 0.610790 -186.554840 -0.957204 -0.154092 -0.244983 403.567047 0.287964 -0.591742 -0.752939 1884.278809 0.000000 0.000000 0.000000 1.000000];
0.126710;9;[-0.033756 -0.809694 0.585881 -0.192617 -0.961141 -0.134406 -0.241127 0.410089 0.273985 -0.571254 -0.773693 1.915336 0.000000 0.000000 0.000000 1.000000];[-0.025538 -0.796271 0.604398 -183.791595 -0.958637 -0.151943 -0.240685 402.211884 0.283485 -0.585545 -0.759455 1879.008423 0.000000 0.000000 0.000000 1.000000];
0.123216;9;[-0.032135 -0.812345 0.582291 -0.189415 -0.963560 -0.129611 -0.233995 0.410454 0.265556 -0.568591 -0.778578 1.911194 0.000000 0.000000 0.000000 1.000000];[-0.033891 -0.797306 0.602620 -181.847031 -0.958869 -0.144087 -0.244562 402.655579 0.281821 -0.586122 -0.759629 1874.583862 0.000000 0.000000 0.000000 1.000000];
0.119971;9;[-0.033340 -0.812424 0.582113 -0.187572 -0.962214 -0.131397 -0.238493 0.410604 0.270245 -0.568069 -0.777345 1.910770 0.000000 0.000000 0.000000 1.000000];[-0.035827 -0.789814 0.612297 -181.611404 -0.957540 -0.148254 -0.247263 403.741699 0.286067 -0.595158 -0.750967 1874.809326 0.000000 0.000000 0.000000 1.000000];
0.121431;9;[-0.038305 -0.818202 0.573654 -0.187132 -0.960320 -0.128567 -0.247498 0.413844 0.276256 -0.560372 -0.780811 1.917191 0.000000 0.000000 0.000000 1.000000];[-0.041541 -0.792801 0.608061 -180.971481 -0.956802 -0.143712 -0.252740 408.321136 0.287758 -0.592293 -0.752584 1890.327515 0.000000 0.000000 0.000000 1.000000];
0.122499;9;[-0.039569 -0.813632 0.580032 -0.183452 -0.962776 -0.124292 -0.240028 0.411299 0.267388 -0.567939 -0.778427 1.907945 0.000000 0.000000 0.000000 1.000000];[-0.039224 -0.795550 0.604614 -177.650757 -0.956302 -0.145563 -0.253571 407.622162 0.289738 -0.588140 -0.755078 1884.459473 0.000000 0.000000 0.000000 1.000000];
0.122578;9;[-0.037870 -0.813137 0.580839 -0.182097 -0.963840 -0.123708 -0.236026 0.411998 0.263776 -0.568774 -0.779050 1.906702 0.000000 0.000000 0.000000 1.000000];[-0.052372 -0.791786 0.608547 -176.450119 -0.954788 -0.138873 -0.262859 410.141724 0.292639 -0.594800 -0.748715 1887.733765 0.000000 0.000000 0.000000 1.000000];
0.119718;9;[-0.039633 -0.813471 0.580254 -0.180282 -0.963917 -0.121859 -0.236675 0.413744 0.263238 -0.568696 -0.779288 1.911820 0.000000 0.000000 0.000000 1.000000];[-0.053216 -0.797840 0.600513 -172.832001 -0.954951 -0.135160 -0.264198 409.018829 0.291953 -0.587520 -0.754707 1880.297852 0.000000 0.000000 0.000000 1.000000];
0.121488;9;[-0.044310 -0.813339 0.580100 -0.177920 -0.960366 -0.125278 -0.249004 0.413419 0.275198 -0.568142 -0.775552 1.908232 0.000000 0.000000 0.000000 1.000000];[-0.066918 -0.800583 0.595471 -169.927460 -0.958085 -0.115062 -0.262364 408.318512 0.278560 -0.588069 -0.759328 1874.896118 0.000000 0.000000 0.000000 1.000000];
0.126558;8;[-0.046932 -0.818223 0.572982 -0.175493 -0.958464 -0.124663 -0.256527 0.414326 0.281326 -0.561222 -0.778387 1.911393 0.000000 0.000000 0.000000 1.000000];[-0.049093 -0.807521 0.587790 -165.230042 -0.956434 -0.131562 -0.260626 406.294678 0.287791 -0.574978 -0.765882 1864.193115 0.000000 0.000000 0.000000 1.000000];
0.131862;9;[-0.043061 -0.819215 0.571868 -0.174394 -0.959842 -0.124903 -0.251202 0.416616 0.277216 -0.559720 -0.780939 1.915520 0.000000 0.000000 0.000000 1.000000];[-0.066350 -0.803127 0.592100 -164.019608 -0.956512 -0.117733 -0.266879 408.193176 0.284048 -0.584059 -0.760389 1866.713989 0.000000 0.000000 0.000000 1.000000];
0.130500;9;[-0.043668 -0.819513 0.571395 -0.170130 -0.959361 -0.125201 -0.252885 0.416242 0.278782 -0.559217 -0.780741 1.911831 0.000000 0.000000 0.000000 1.000000];[-0.058845 -0.803659 0.592172 -161.530487 -0.957596 -0.122154 -0.260937 408.000366 0.282041 -0.582417 -0.762393 1866.328979 0.000000 0.000000 0.000000 1.000000];
0.123544;9;[-0.044511 -0.820871 0.569377 -0.169510 -0.959662 -0.123245 -0.252703 0.418982 0.277609 -0.557657 -0.782273 1.916924 0.000000 0.000000 0.000000 1.000000];[-0.053419 -0.799572 0.598188 -161.177155 -0.956387 -0.131312 -0.260926 412.294037 0.287178 -0.586038 -0.757686 1884.784912 0.000000 0.000000 0.000000 1.000000];
0.123915;9;[-0.042907 -0.823331 0.565938 -0.165443 -0.959938 -0.123027 -0.251759 0.419008 0.276907 -0.554068 -0.785068 1.914156 0.000000 0.000000 0.000000 1.000000];[-0.057485 -0.804556 0.591086 -157.502289 -0.955539 -0.127174 -0.266031 412.256409 0.289207 -0.580099 -0.761475 1877.939697 0.000000 0.000000 0.000000 1.000000];
0.124510;8;[-0.039289 -0.821738 0.568509 -0.162794 -0.959891 -0.127027 -0.249946 0.416661 0.277606 -0.555527 -0.783789 1.907993 0.000000 0.000000 0.000000 1.000000];[-0.057570 -0.800435 0.596646 -155.590210 -0.954166 -0.131695 -0.268744 412.702728 0.293688 -0.584771 -0.756168 1874.632690 0.000000 0.000000 0.000000 1.000000];
0.125384;8;[-0.042700 -0.832103 0.552975 -0.160785 -0.960017 -0.119097 -0.253345 0.423399 0.276667 -0.541683 -0.793747 1.924707 0.000000 0.000000 0.000000 1.000000];[-0.047762 -0.805153 0.591139 -152.192566 -0.954117 -0.138365 -0.265549 412.854279 0.295601 -0.576699 -0.761602 1875.001709 0.000000 0.000000 0.000000 1.000000];
0.121895;8;[-0.039526 -0.829611 0.556941 -0.158080 -0.959821 -0.123446 -0.252002 0.422971 0.277815 -0.544524 -0.791399 1.922339 0.000000 0.000000 0.000000 1.000000];[-0.055435 -0.806950 0.588011 -149.347336 -0.955881 -0.127259 -0.264759 413.738892 0.288477 -0.576745 -0.764294 1878.039795 0.000000 0.000000 0.000000 1.000000];
0.121721;9;[-0.034117 -0.828361 0.559155 -0.152917 -0.961597 -0.125248 -0.244220 0.420832 0.272336 -0.546014 -0.792276 1.912543 0.000000 0.000000 0.000000 1.000000];[-0.044737 -0.809844 0.584935 -145.571396 -0.955541 -0.136129 -0.261553 412.046448 0.291444 -0.570631 -0.767750 1868.550415 0.000000 0.000000 0.000000 1.000000];
0.123644;9;[-0.032333 -0.831746 0.554213 -0.150344 -0.960385 -0.127710 -0.247692 0.422733 0.276796 -0.540267 -0.794667 1.912145 0.000000 0.000000 0.000000 1.000000];[-0.035786 -0.808718 0.587105 -143.119919 -0.956922 -0.141651 -0.253447 412.491486 0.288131 -0.570884 -0.768812 1874.517090 0.000000 0.000000 0.000000 1.000000];
0.124134;9;[-0.027038 -0.824674 0.564961 -0.146604 -0.962104 -0.131939 -0.238636 0.420164 0.271338 -0.550004 -0.789855 1.905679 0.000000 0.000000 0.000000 1.000000];[-0.038260 -0.806477 0.590025 -141.133194 -0.957121 -0.140099 -0.253560 413.940216 0.287152 -0.574426 -0.766536 1878.027832 0.000000 0.000000 0.000000 1.000000];
0.122875;9;[-0.026579 -0.829724 0.557541 -0.144314 -0.960644 -0.133073 -0.243833 0.421665 0.276508 -0.542079 -0.793532 1.910279 0.000000 0.000000 0.000000 1.000000];[-0.032476 -0.806652 0.590133 -138.246826 -0.956068 -0.147040 -0.253603 414.990051 0.291342 -0.572442 -0.766439 1880.505737 0.000000 0.000000 0.000000 1.000000];
0.124029;9;[-0.022289 -0.826708 0.562190 -0.141852 -0.961496 -0.136341 -0.238612 0.422310 0.273912 -0.545862 -0.791838 1.912010 0.000000 0.000000 0.000000 1.000000];[-0.027966 -0.810134 0.585575 -134.323105 -0.954079 -0.153150 -0.257447 415.943268 0.298248 -0.565884 -0.768650 1879.204590 0.000000 0.000000 0.000000 1.000000];
0.126270;9;[-0.021400 -0.825529 0.563954 -0.135745 -0.960982 -0.138615 -0.239374 0.420323 0.275783 -0.547073 -0.790351 1.902917 0.000000 0.000000 0.000000 1.000000];[-0.027188 -0.811853 0.583228 -130.471848 -0.953502 -0.154128 -0.258996 415.912140 0.300159 -0.563150 -0.769913 1872.220337 0.000000 0.000000 0.000000 1.000000];
0.125557;9;[-0.021149 -0.836289 0.547881 -0.132777 -0.958541 -0.138800 -0.248865 0.423167 0.284169 -0.530430 -0.798682 1.909994 0.000000 0.000000 0.000000 1.000000];[-0.021559 -0.811590 0.583828 -127.758759 -0.951820 -0.162014 -0.260367 417.209015 0.305899 -0.561312 -0.768995 1875.067261 0.000000 0.000000 0.000000 1.000000];
0.124688;9;[-0.013958 -0.835150 0.549845 -0.129472 -0.960929 -0.140826 -0.238291 0.422305 0.276442 -0.531688 -0.800554 1.905272 0.000000 0.000000 0.000000 1.000000];[-0.032502 -0.808598 0.587462 -124.091194 -0.955552 -0.147184 -0.255455 415.543884 0.293025 -0.569653 -0.767874 1865.721436 0.000000 0.000000 0.000000 1.000000];
0.124669;9;[-0.015490 -0.837619 0.546036 -0.125927 -0.959152 -0.141827 -0.244772 0.424421 0.282468 -0.527523 -0.801206 1.909240 0.000000 0.000000 0.000000 1.000000];[-0.038079 -0.814363 0.579103 -119.495552 -0.955811 -0.139374 -0.258845 415.437622 0.291506 -0.563369 -0.773071 1858.907471 0.000000 0.000000 0.000000 1.000000];
0.122288;9;[-0.013971 -0.838265 0.545084 -0.120764 -0.959513 -0.142131 -0.243172 0.422430 0.281316 -0.526413 -0.802341 1.901892 0.000000 0.000000 0.000000 1.000000];[-0.038913 -0.816519 0.576004 -115.578979 -0.956035 -0.137253 -0.259150 414.183929 0.290659 -0.560763 -0.775281 1848.734497 0.000000 0.000000 0.000000 1.000000];
0.123447;9;[-0.008767 -0.837050 0.547056 -0.118392 -0.959649 -0.146726 -0.239885 0.424001 0.281063 -0.527085 -0.801988 1.903033 0.000000 0.000000 0.000000 1.000000];[-0.028895 -0.818003 0.574485 -111.465340 -0.957034 -0.143257 -0.252119 413.094849 0.288533 -0.557086 -0.778718 1844.838013 0.000000 0.000000 0.000000 1.000000];
0.121717;9;[-0.009006 -0.841659 0.539934 -0.114313 -0.959844 -0.144128 -0.240680 0.424685 0.280391 -0.520420 -0.806563 1.904125 0.000000 0.000000 0.000000 1.000000];[-0.031636 -0.821881 0.568779 -107.431206 -0.956191 -0.140811 -0.256656 416.044495 0.291031 -0.551980 -0.781420 1851.964966 0.000000 0.000000 0.000000 1.000000];
0.122535;9;[-0.005034 -0.842777 0.538240 -0.110642 -0.961650 -0.143528 -0.233730 0.426315 0.274234 -0.518775 -0.809733 1.905558 0.000000 0.000000 0.000000 1.000000];[-0.036116 -0.818799 0.572941 -104.577835 -0.959282 -0.132304 -0.249548 415.887939 0.280132 -0.558624 -0.780682 1853.285645 0.000000 0.000000 0.000000 1.000000];
0.124261;9;[-0.004201 -0.841950 0.539540 -0.107538 -0.959060 -0.149393 -0.240594 0.428035 0.283172 -0.518461 -0.806853 1.907735 0.000000 0.000000 0.000000 1.000000];[-0.022858 -0.820987 0.570487 -100.455002 -0.957298 -0.146524 -0.249220 416.284973 0.288197 -0.551823 -0.782581 1851.337891 0.000000 0.000000 0.000000 1.000000];
0.124633;9;[-0.006362 -0.843544 0.537023 -0.103411 -0.957875 -0.149053 -0.245477 0.428797 0.287115 -0.515963 -0.807061 1.909398 0.000000 0.000000 0.000000 1.000000];[-0.019062 -0.823046 0.567652 -96.314636 -0.955598 -0.151985 -0.252455 416.657684 0.294056 -0.547259 -0.783605 1848.304077 0.000000 0.000000 0.000000 1.000000];
0.122820;9;[-0.004569 -0.846054 0.533077 -0.098291 -0.959249 -0.146903 -0.241375 0.428225 0.282527 -0.512457 -0.810905 1.904132 0.000000 0.000000 0.000000 1.000000];[-0.023914 -0.824956 0.564690 -92.197464 -0.957194 -0.144088 -0.251034 416.181519 0.288457 -0.546520 -0.786198 1843.380981 0.000000 0.000000 0.000000 1.000000];
0.123066;9;[-0.001068 -0.844199 0.536028 -0.092782 -0.958366 -0.152194 -0.241602 0.427117 0.285541 -0.513969 -0.808890 1.897469 0.000000 0.000000 0.000000 1.000000];[-0.020148 -0.825881 0.563482 -87.999283 -0.957551 -0.146160 -0.248461 416.386078 0.287558 -0.544568 -0.787880 1843.570190 0.000000 0.000000 0.000000 1.000000];
0.121750;9;[-0.003265 -0.848147 0.529751 -0.090725 -0.960468 -0.144810 -0.237765 0.428638 0.278372 -0.509585 -0.814145 1.904467 0.000000 0.000000 0.000000 1.000000];[-0.028787 -0.830527 0.556232 -83.009865 -0.958719 -0.134544 -0.250510 416.909180 0.282893 -0.540481 -0.792370 1842.304688 0.000000 0.000000 0.000000 1.000000];
0.122059;9;[-0.002765 -0.849767 0.527152 -0.085807 -0.958296 -0.148390 -0.244231 0.430624 0.285764 -0.505843 -0.813918 1.903633 0.000000 0.000000 0.000000 1.000000];[-0.026296 -0.833061 0.552553 -78.517998 -0.958192 -0.136536 -0.251449 417.685272 0.284915 -0.536064 -0.794643 1844.933105 0.000000 0.000000 0.000000 1.000000];
0.124661;9;[-0.002504 -0.847318 0.531079 -0.082008 -0.959945 -0.146760 -0.238676 0.429405 0.280176 -0.510405 -0.813012 1.904513 0.000000 0.000000 0.000000 1.000000];[-0.021015 -0.834519 0.550577 -74.415276 -0.958019 -0.140690 -0.249812 417.774506 0.285933 -0.532713 -0.796529 1845.392700 0.000000 0.000000 0.000000 1.000000];
0.124074;9;[-0.002457 -0.851391 0.524525 -0.076357 -0.959287 -0.146131 -0.241689 0.432068 0.282421 -0.503764 -0.816370 1.903973 0.000000 0.000000 0.000000 1.000000];[-0.018573 -0.831461 0.555270 -71.195732 -0.954909 -0.149842 -0.256314 421.245789 0.296318 -0.534992 -0.791187 1855.221680 0.000000 0.000000 0.000000 1.000000];
0.123587;9;[-0.004287 -0.852309 0.523021 -0.072513 -0.960537 -0.141956 -0.239203 0.431609 0.278121 -0.503406 -0.818065 1.903974 0.000000 0.000000 0.000000 1.000000];[-0.017690 -0.832362 0.553949 -66.923325 -0.954335 -0.151191 -0.257656 421.895691 0.298215 -0.533210 -0.791678 1856.549683 0.000000 0.000000 0.000000 1.000000];
0.121804;8;[-0.005714 -0.852154 0.523259 -0.069389 -0.960698 -0.140551 -0.239384 0.433987 0.277537 -0.504062 -0.817860 1.908587 0.000000 0.000000 0.000000 1.000000];[-0.000462 -0.831964 0.554828 -63.609112 -0.949291 -0.174072 -0.261811 426.222870 0.314397 -0.526814 -0.789696 1871.857788 0.000000 0.000000 0.000000 1.000000];
0.120314;9;[-0.006982 -0.856612 0.515915 -0.064101 -0.958544 -0.141236 -0.247477 0.433862 0.284857 -0.496255 -0.820114 1.907179 0.000000 0.000000 0.000000 1.000000];[-0.009215 -0.827985 0.560673 -60.017227 -0.949714 -0.168249 -0.264075 427.489868 0.312983 -0.534912 -0.784799 1877.006104 0.000000 0.000000 0.000000 1.000000];
0.121005;9;[-0.006671 -0.854215 0.519877 -0.061878 -0.958887 -0.142037 -0.245686 0.431118 0.283711 -0.500142 -0.818148 1.897480 0.000000 0.000000 0.000000 1.000000];[-0.013121 -0.833092 0.552977 -54.626816 -0.954787 -0.153824 -0.254400 423.891083 0.297000 -0.531313 -0.793408 1865.535278 0.000000 0.000000 0.000000 1.000000];
0.126084;9;[-0.010586 -0.858275 0.513081 -0.056565 -0.959664 -0.135447 -0.246373 0.430997 0.280951 -0.494993 -0.822221 1.896744 0.000000 0.000000 0.000000 1.000000];[-0.031701 -0.833527 0.551567 -50.715260 -0.953732 -0.139848 -0.266153 426.097290 0.298981 -0.534484 -0.790528 1864.297974 0.000000 0.000000 0.000000 1.000000];
0.123784;9;[-0.012186 -0.859496 0.510997 -0.053114 -0.959300 -0.134138 -0.248497 0.431843 0.282126 -0.493228 -0.822880 1.895895 0.000000 0.000000 0.000000 1.000000];[-0.031263 -0.833692 0.551342 -47.981224 -0.952004 -0.143202 -0.270520 428.210602 0.304483 -0.533337 -0.789202 1865.660034 0.000000 0.000000 0.000000 1.000000];
0.122750;9;[-0.012601 -0.857381 0.514527 -0.049913 -0.960841 -0.132068 -0.243603 0.434615 0.276813 -0.497449 -0.822143 1.900681 0.000000 0.000000 0.000000 1.000000];[-0.029780 -0.832736 0.552867 -45.428551 -0.948663 -0.150696 -0.278081 428.367889 0.314883 -0.532766 -0.785498 1856.501343 0.000000 0.000000 0.000000 1.000000];
0.123601;9;[-0.014229 -0.862332 0.506144 -0.048067 -0.960830 -0.128323 -0.245639 0.437851 0.276772 -0.489813 -0.826729 1.906319 0.000000 0.000000 0.000000 1.000000];[-0.030505 -0.832318 0.553457 -43.299595 -0.950310 -0.147474 -0.274158 430.702911 0.309807 -0.534318 -0.786462 1864.174072 0.000000 0.000000 0.000000 1.000000];
0.122366;9;[-0.014904 -0.861745 0.507123 -0.046158 -0.961215 -0.127343 -0.244640 0.439760 0.275395 -0.491100 -0.826425 1.905003 0.000000 0.000000 0.000000 1.000000];[-0.039257 -0.836048 0.547249 -41.028580 -0.950960 -0.136902 -0.277367 432.378571 0.306811 -0.531300 -0.789674 1861.306274 0.000000 0.000000 0.000000 1.000000];
0.123218;9;[-0.014254 -0.859261 0.511339 -0.043355 -0.961969 -0.127730 -0.241455 0.440103 0.272786 -0.495334 -0.824762 1.899931 0.000000 0.000000 0.000000 1.000000];[-0.025510 -0.838690 0.544010 -39.569595 -0.949070 -0.150628 -0.276725 433.560760 0.314029 -0.523362 -0.792133 1859.081543 0.000000 0.000000 0.000000 1.000000];
0.122139;9;[-0.013635 -0.863889 0.503498 -0.044043 -0.961054 -0.127682 -0.245098 0.442956 0.276025 -0.487231 -0.828502 1.900934 0.000000 0.000000 0.000000 1.000000];[-0.026326 -0.835816 0.548377 -38.628494 -0.945790 -0.156813 -0.284414 443.168915 0.323711 -0.526136 -0.786378 1887.474731 0.000000 0.000000 0.000000 1.000000];
0.123574;9;[-0.020269 -0.861331 0.507639 -0.041405 -0.960474 -0.124219 -0.249117 0.447502 0.277630 -0.492624 -0.824769 1.905436 0.000000 0.000000 0.000000 1.000000];[-0.034505 -0.834716 0.549597 -37.864525 -0.948205 -0.146416 -0.281904 443.302002 0.315780 -0.530857 -0.786430 1879.632202 0.000000 0.000000 0.000000 1.000000];
0.124778;9;[-0.020895 -0.865543 0.500399 -0.040041 -0.959642 -0.123035 -0.252885 0.451706 0.280449 -0.485487 -0.828040 1.911450 0.000000 0.000000 0.000000 1.000000];[-0.031152 -0.841202 0.539821 -34.919102 -0.950110 -0.142777 -0.277318 444.052795 0.310355 -0.521528 -0.794787 1876.392334 0.000000 0.000000 0.000000 1.000000];
0.124289;9;[-0.020874 -0.864984 0.501365 -0.039038 -0.960352 -0.122096 -0.250631 0.453044 0.278006 -0.486719 -0.828141 1.914047 0.000000 0.000000 0.000000 1.000000];[-0.028959 -0.840335 0.541291 -33.598026 -0.949411 -0.146279 -0.277887 445.978851 0.312698 -0.521954 -0.793588 1876.813843 0.000000 0.000000 0.000000 1.000000];
0.123250;9;[-0.026071 -0.862253 0.505807 -0.035749 -0.958780 -0.121648 -0.256793 0.453602 0.282951 -0.491653 -0.823539 1.911331 0.000000 0.000000 0.000000 1.000000];[-0.019758 -0.840698 0.541141 -31.598433 -0.947233 -0.157458 -0.279207 448.579712 0.319936 -0.518103 -0.793227 1881.900635 0.000000 0.000000 0.000000 1.000000];
0.125155;9;[-0.023829 -0.865882 0.499680 -0.033591 -0.958369 -0.122473 -0.257932 0.456676 0.284536 -0.485024 -0.826916 1.916976 0.000000 0.000000 0.000000 1.000000];[-0.020783 -0.840015 0.542163 -30.050430 -0.947770 -0.156080 -0.278159 447.041199 0.318279 -0.519626 -0.792897 1873.142456 0.000000 0.000000 0.000000 1.000000];
0.122799;9;[-0.025401 -0.868268 0.495445 -0.030131 -0.960313 -0.116513 -0.253423 0.455945 0.277765 -0.482219 -0.830850 1.912379 0.000000 0.000000 0.000000 1.000000];[-0.043889 -0.845404 0.532320 -26.730696 -0.954117 -0.122508 -0.273226 445.061157 0.296200 -0.519886 -0.801238 1862.787476 0.000000 0.000000 0.000000 1.000000];
0.122875;9;[-0.027493 -0.869636 0.492928 -0.030873 -0.959227 -0.115813 -0.257821 0.455554 0.281298 -0.479918 -0.830994 1.914722 0.000000 0.000000 0.000000 1.000000];[-0.033128 -0.840039 0.541511 -25.615391 -0.949539 -0.142626 -0.279344 450.767395 0.311894 -0.523440 -0.792926 1883.441406 0.000000 0.000000 0.000000 1.000000];
0.123293;9;[-0.025189 -0.869861 0.492653 -0.027314 -0.961551 -0.113729 -0.249971 0.458563 0.273469 -0.480007 -0.833551 1.924893 0.000000 0.000000 0.000000 1.000000];[-0.036403 -0.843170 0.536413 -22.820076 -0.951017 -0.135661 -0.277782 450.074554 0.306987 -0.520249 -0.796930 1882.785645 0.000000 0.000000 0.000000 1.000000];
0.123622;9;[-0.026688 -0.867526 0.496676 -0.025512 -0.960214 -0.115921 -0.254070 0.455151 0.277987 -0.483695 -0.829917 1.915047 0.000000 0.000000 0.000000 1.000000];[-0.047769 -0.846020 0.531005 -19.740192 -0.953969 -0.118937 -0.275314 449.657684 0.296077 -0.519713 -0.801396 1884.463623 0.000000 0.000000 0.000000 1.000000];
0.123701;9;[-0.028150 -0.874542 0.484132 -0.023155 -0.960141 -0.111085 -0.256494 0.456955 0.278094 -0.472055 -0.836557 1.923392 0.000000 0.000000 0.000000 1.000000];[-0.042635 -0.849116 0.526481 -17.501068 -0.956580 -0.117387 -0.266787 444.734283 0.288335 -0.514995 -0.807243 1869.516602 0.000000 0.000000 0.000000 1.000000];
0.122203;9;[-0.026224 -0.871168 0.490284 -0.021757 -0.960857 -0.113348 -0.252798 0.455344 0.275802 -0.477722 -0.834095 1.922247 0.000000 0.000000 0.000000 1.000000];[-0.046720 -0.844390 0.533686 -15.498840 -0.955085 -0.118753 -0.271499 447.025177 0.292628 -0.522399 -0.800916 1880.455688 0.000000 0.000000 0.000000 1.000000];
0.124668;8;[-0.028852 -0.880550 0.473075 -0.017363 -0.960961 -0.105853 -0.255634 0.454786 0.275175 -0.461982 -0.843120 1.926971 0.000000 0.000000 0.000000 1.000000];[-0.041298 -0.847149 0.529746 -13.013980 -0.954895 -0.122578 -0.270464 444.842712 0.294058 -0.517020 -0.803877 1878.636475 0.000000 0.000000 0.000000 1.000000];
0.124233;9;[-0.028402 -0.879137 0.475722 -0.013969 -0.961982 -0.105286 -0.252002 0.451809 0.271631 -0.464793 -0.842724 1.918843 0.000000 0.000000 0.000000 1.000000];[-0.039961 -0.846499 0.530888 -10.146634 -0.951702 -0.129624 -0.278321 445.612579 0.304414 -0.516368 -0.800434 1883.134644 0.000000 0.000000 0.000000 1.000000];
0.126045;8;[-0.028412 -0.878442 0.477004 -0.010027 -0.962856 -0.104135 -0.249125 0.454860 0.268515 -0.466364 -0.842855 1.932919 0.000000 0.000000 0.000000 1.000000];[-0.039613 -0.851580 0.522724 -6.021372 -0.951799 -0.127082 -0.279160 443.781525 0.304156 -0.508586 -0.805499 1882.763672 0.000000 0.000000 0.000000 1.000000];
0.124019;9;[-0.026657 -0.876690 0.480317 -0.006361 -0.962696 -0.106913 -0.248569 0.447799 0.269270 -0.469025 -0.841136 1.922692 0.000000 0.000000 0.000000 1.000000];[-0.037316 -0.854168 0.518655 -1.226753 -0.948786 -0.132650 -0.286723 442.057892 0.313710 -0.502791 -0.805473 1879.266235 0.000000 0.000000 0.000000 1.000000];
0.123104;9;[-0.028028 -0.879379 0.475297 -0.000026 -0.962991 -0.103761 -0.248761 0.444933 0.268073 -0.464679 -0.843926 1.922804 0.000000 0.000000 0.000000 1.000000];[-0.027739 -0.854439 0.518809 4.632150 -0.947406 -0.143067 -0.286276 442.002686 0.318830 -0.499463 -0.805533 1892.248169 0.000000 0.000000 0.000000 1.000000];
0.124155;9;[-0.029413 -0.882859 0.468716 0.008339 -0.964743 -0.097623 -0.244420 0.445251 0.261546 -0.459379 -0.848861 1.932899 0.000000 0.000000 0.000000 1.000000];[-0.030119 -0.857476 0.513641 12.126371 -0.948728 -0.137243 -0.284747 440.724762 0.314657 -0.495881 -0.809378 1901.249023 0.000000 0.000000 0.000000 1.000000];
0.123644;9;[-0.028615 -0.883645 0.467282 0.014288 -0.963726 -0.099709 -0.247569 0.438549 0.265355 -0.457416 -0.848739 1.923955 0.000000 0.000000 0.000000 1.000000];[-0.038407 -0.858141 0.511974 19.023123 -0.951326 -0.125384 -0.281528 436.824066 0.305784 -0.497866 -0.811557 1898.446777 0.000000 0.000000 0.000000 1.000000];
0.125264;8;[-0.026475 -0.884567 0.465661 0.018723 -0.962722 -0.102880 -0.250164 0.435939 0.269194 -0.454925 -0.848869 1.921846 0.000000 0.000000 0.000000 1.000000];[-0.032405 -0.862265 0.505418 24.968075 -0.951201 -0.128653 -0.280474 431.774048 0.306867 -0.489842 -0.816019 1886.703857 0.000000 0.000000 0.000000 1.000000];
0.126148;8;[-0.025078 -0.887777 0.459590 0.024074 -0.962259 -0.103181 -0.251818 0.433497 0.270979 -0.448560 -0.851683 1.919705 0.000000 0.000000 0.000000 1.000000];[-0.029980 -0.862278 0.505547 28.383785 -0.956367 -0.122311 -0.265332 425.952301 0.290624 -0.491442 -0.820988 1875.643433 0.000000 0.000000 0.000000 1.000000];
0.128348;9;[-0.020930 -0.890899 0.453719 0.030044 -0.966060 -0.098847 -0.238656 0.439519 0.257468 -0.443315 -0.858593 1.939651 0.000000 0.000000 0.000000 1.000000];[-0.028529 -0.865728 0.499700 33.410854 -0.949827 -0.132292 -0.283423 430.927643 0.311474 -0.482713 -0.818518 1892.155884 0.000000 0.000000 0.000000 1.000000];
0.125288;9;[-0.018535 -0.885196 0.464849 0.030541 -0.966826 -0.102599 -0.233926 0.434409 0.254763 -0.453764 -0.853929 1.932158 0.000000 0.000000 0.000000 1.000000];[-0.026837 -0.866076 0.499191 35.369095 -0.952872 -0.128794 -0.274679 427.589233 0.302186 -0.483035 -0.821803 1883.771240 0.000000 0.000000 0.000000 1.000000];
0.125288;9;[-0.015407 -0.885355 0.464661 0.033816 -0.967002 -0.104998 -0.232124 0.436858 0.254301 -0.452905 -0.854522 1.937957 0.000000 0.000000 0.000000 1.000000];[-0.017150 -0.871952 0.489290 36.362057 -0.957278 -0.126962 -0.259809 422.004242 0.288662 -0.472841 -0.832523 1865.855957 0.000000 0.000000 0.000000 1.000000];
0.123129;8;[-0.008361 -0.890795 0.454329 0.033067 -0.967205 -0.108140 -0.229828 0.433277 0.253861 -0.441351 -0.860677 1.927946 0.000000 0.000000 0.000000 1.000000];[-0.017613 -0.868686 0.495048 37.111729 -0.956622 -0.129365 -0.261038 426.840271 0.290802 -0.478170 -0.828726 1885.381470 0.000000 0.000000 0.000000 1.000000];
0.123888;9;[-0.007397 -0.889672 0.456541 0.033485 -0.969453 -0.105554 -0.221403 0.435934 0.245165 -0.444233 -0.861714 1.933866 0.000000 0.000000 0.000000 1.000000];[-0.017299 -0.865551 0.500521 36.799698 -0.955611 -0.132947 -0.262933 429.601746 0.294125 -0.482850 -0.824830 1895.554321 0.000000 0.000000 0.000000 1.000000];
0.123348;9;[-0.005301 -0.888360 0.459116 0.031704 -0.968650 -0.109473 -0.223008 0.437639 0.248372 -0.445905 -0.859930 1.939526 0.000000 0.000000 0.000000 1.000000];[-0.018181 -0.860574 0.508999 35.990253 -0.951999 -0.140683 -0.271859 435.088226 0.305563 -0.489508 -0.816708 1910.278931 0.000000 0.000000 0.000000 1.000000];
0.124446;9;[-0.003916 -0.890350 0.455260 0.030958 -0.968778 -0.109482 -0.222447 0.439082 0.247899 -0.441917 -0.862123 1.941293 0.000000 0.000000 0.000000 1.000000];[-0.012504 -0.871862 0.489591 35.179890 -0.954583 -0.135358 -0.265425 426.863281 0.297685 -0.470673 -0.830572 1872.598999 0.000000 0.000000 0.000000 1.000000];
0.124294;9;[0.000540 -0.888872 0.458156 0.029983 -0.967410 -0.116476 -0.224835 0.439907 0.253213 -0.443103 -0.859967 1.947699 0.000000 0.000000 0.000000 1.000000];[0.003339 -0.870512 0.492135 33.124149 -0.954524 -0.149489 -0.257948 425.821228 0.298116 -0.468892 -0.831424 1869.652100 0.000000 0.000000 0.000000 1.000000];
0.124814;9;[0.003035 -0.889859 0.456226 0.029064 -0.967716 -0.117594 -0.222928 0.441018 0.252024 -0.440821 -0.861488 1.948284 0.000000 0.000000 0.000000 1.000000];[-0.002821 -0.866944 0.498396 31.258930 -0.955398 -0.144846 -0.257363 428.111206 0.295310 -0.476891 -0.827868 1879.304199 0.000000 0.000000 0.000000 1.000000];
0.122571;9;[0.005037 -0.886394 0.462903 0.028820 -0.967549 -0.121268 -0.221683 0.441911 0.252634 -0.446765 -0.858241 1.953344 0.000000 0.000000 0.000000 1.000000];[-0.000555 -0.865917 0.500186 29.905169 -0.954358 -0.148930 -0.258884 431.783508 0.298665 -0.477499 -0.826313 1894.774780 0.000000 0.000000 0.000000 1.000000];
0.124053;9;[0.009337 -0.888167 0.459426 0.025525 -0.968814 -0.121804 -0.215784 0.441295 0.247612 -0.443084 -0.861606 1.952524 0.000000 0.000000 0.000000 1.000000];[-0.000360 -0.870050 0.492963 30.013916 -0.955164 -0.145658 -0.257774 433.146851 0.296080 -0.470951 -0.830987 1904.400879 0.000000 0.000000 0.000000 1.000000];
0.123854;9;[0.008587 -0.888209 0.459360 0.024902 -0.968296 -0.122077 -0.217945 0.439761 0.249658 -0.442925 -0.861097 1.948840 0.000000 0.000000 0.000000 1.000000];[0.005474 -0.869446 0.493996 28.304806 -0.954462 -0.151898 -0.256767 433.917206 0.298282 -0.470094 -0.830685 1910.426147 0.000000 0.000000 0.000000 1.000000];
0.124180;9;[0.011189 -0.885167 0.465139 0.020986 -0.968546 -0.125233 -0.215022 0.441628 0.248581 -0.448103 -0.858727 1.958117 0.000000 0.000000 0.000000 1.000000];[0.012412 -0.873428 0.486793 26.414528 -0.954800 -0.154947 -0.253670 431.998749 0.296990 -0.461640 -0.835873 1903.130615 0.000000 0.000000 0.000000 1.000000];
0.125857;9;[0.010867 -0.883011 0.469226 0.019521 -0.966570 -0.129493 -0.221301 0.440617 0.256172 -0.451135 -0.854899 1.959563 0.000000 0.000000 0.000000 1.000000];[0.010865 -0.870689 0.491712 24.335194 -0.951915 -0.159572 -0.261526 433.715973 0.306171 -0.465225 -0.830556 1908.968994 0.000000 0.000000 0.000000 1.000000];
0.126238;9;[0.012032 -0.883912 0.467499 0.017255 -0.968831 -0.125996 -0.213288 0.440282 0.247431 -0.450361 -0.857877 1.963884 0.000000 0.000000 0.000000 1.000000];[0.003496 -0.864424 0.502750 22.266121 -0.947899 -0.163020 -0.273704 440.102722 0.318554 -0.475598 -0.819956 1935.758423 0.000000 0.000000 0.000000 1.000000];
0.123941;9;[0.011804 -0.887394 0.460860 0.016287 -0.969372 -0.123227 -0.212447 0.440258 0.245314 -0.444237 -0.861670 1.965648 0.000000 0.000000 0.000000 1.000000];[-0.006331 -0.869386 0.494091 21.100195 -0.950094 -0.148886 -0.274148 436.160828 0.311903 -0.471167 -0.825055 1918.578491 0.000000 0.000000 0.000000 1.000000];
0.121997;9;[0.009527 -0.885247 0.465024 0.014287 -0.968945 -0.123086 -0.214464 0.439347 0.247092 -0.448540 -0.858928 1.964775 0.000000 0.000000 0.000000 1.000000];[-0.007895 -0.870522 0.492065 19.515491 -0.953649 -0.141479 -0.265594 434.933899 0.300822 -0.471353 -0.829055 1922.236938 0.000000 0.000000 0.000000 1.000000];
0.123938;9;[0.009881 -0.888154 0.459440 0.012676 -0.969324 -0.121352 -0.213741 0.439420 0.245589 -0.443234 -0.862108 1.970525 0.000000 0.000000 0.000000 1.000000];[-0.000407 -0.871648 0.490131 17.440536 -0.955071 -0.144926 -0.258530 429.605438 0.296380 -0.468214 -0.832426 1905.293823 0.000000 0.000000 0.000000 1.000000];
0.122449;9;[0.009515 -0.887958 0.459826 0.011972 -0.967683 -0.124059 -0.219543 0.438805 0.251991 -0.442877 -0.860442 1.968928 0.000000 0.000000 0.000000 1.000000];[-0.003807 -0.857700 0.514135 14.254913 -0.954134 -0.150797 -0.258631 432.185089 0.299357 -0.491537 -0.817787 1920.453247 0.000000 0.000000 0.000000 1.000000];
0.127203;9;[0.011305 -0.888820 0.458117 0.009189 -0.967811 -0.124923 -0.218488 0.439434 0.251425 -0.440901 -0.861621 1.978603 0.000000 0.000000 0.000000 1.000000];[-0.009392 -0.859731 0.510659 13.704384 -0.952791 -0.147297 -0.265509 437.089478 0.303485 -0.489043 -0.817761 1943.711792 0.000000 0.000000 0.000000 1.000000];
